<?xml version="1.0"?>
<opencv_storage>
<Distortion type_id="opencv-matrix">
  <rows>5</rows>
  <cols>1</cols>
  <dt>f</dt>
  <data>
    -9.50806960e-02 1.80543673e+00 -1.33639295e-02 -2.84054596e-02
    -9.06063461e+00</data></Distortion>
</opencv_storage>
